cam0:
  cam_overlaps: []
  camera_model: pinhole
  distortion_coeffs: [-0.277412686599109, 0.07157000529847722, 0.00037342986667456425,
    -0.00022576208952921129]
  distortion_model: radtan
  intrinsics: [456.50581526118384, 456.1248405477347, 359.7628665213341, 229.55027416387378]
  resolution: [752, 480]
  rostopic: /cam0/image_raw
