cam0:
  T_cam_imu:
  - [-0.04008574815543391, -0.9989599528197661, 0.021728908328527554, 0.006989525372322614]
  - [-0.9986113102577778, 0.04079679641707263, 0.03333275307183325, 0.029968606862361438]
  - [-0.034184555285435625, -0.020362565271457272, -0.999208077487118, -0.11404009308404882]
  - [0.0, 0.0, 0.0, 1.0]
  cam_overlaps: []
  camera_model: pinhole
  distortion_coeffs: [-0.28467288972458066, 0.06749119554802169, -1.4817208802857373e-05,
    4.2065092976800905e-05]
  distortion_model: radtan
  intrinsics: [415.7382901125151, 418.2875521834683, 373.9429341343477, 240.2235159864951]
  resolution: [752, 480]
  rostopic: /hawk/camera_0/image_raw
  timeshift_cam_imu: -0.000743169155996831
