%YAML:1.0
---
type: IMU
name: MPU
Gyr:
   unit: " rad/s"
   avg-axis:
      gyr_n: 1.4357735010696732e-03
      gyr_w: 9.6406745373564663e-06
   x-axis:
      gyr_n: 1.2925928978512024e-03
      gyr_w: 5.3583794386873024e-06
   y-axis:
      gyr_n: 1.0736195318879367e-03
      gyr_w: 9.1554915738394762e-06
   z-axis:
      gyr_n: 1.9411080734698808e-03
      gyr_w: 1.4408152599542620e-05
Acc:
   unit: " m/s^2"
   avg-axis:
      acc_n: 2.6850649961657137e-02
      acc_w: 2.9073727428362490e-04
   x-axis:
      acc_n: 2.1114473938459472e-02
      acc_w: 3.8400537829628610e-04
   y-axis:
      acc_n: 2.1261991840850647e-02
      acc_w: 3.6405265747909083e-04
   z-axis:
      acc_n: 3.8175484105661302e-02
      acc_w: 1.2415378707549777e-04
