cam0:
  cam_overlaps: [1]
  camera_model: pinhole
  distortion_coeffs: [-0.2785576704397447, 0.06613353773977337, -0.0001517938450865817,
    -0.0007421501617623779]
  distortion_model: radtan
  intrinsics: [408.5712195473591, 411.08300057062985, 363.157964089141, 247.18340798077648]
  resolution: [752, 480]
  rostopic: /hawk/stereo/left/image_raw
cam1:
  T_cn_cnm1:
  - [0.9992255226242226, 0.013328701297169598, 0.03702297473318137, -0.09415234196244703]
  - [-0.014108909787162798, 0.9996821618937287, 0.020892914016772676, 0.002098360828167878]
  - [-0.036732732010846376, -0.02139908673811534, 0.9990959841205487, 0.002557973636946988]
  - [0.0, 0.0, 0.0, 1.0]
  cam_overlaps: [0]
  camera_model: pinhole
  distortion_coeffs: [-0.28566518623277176, 0.07269066610632488, 0.00022192942738918244,
    -0.000691175939439275]
  distortion_model: radtan
  intrinsics: [408.711609347471, 411.16474403245826, 385.34280056244444, 253.24090280221216]
  resolution: [752, 480]
  rostopic: /hawk/stereo/right/image_raw
