cam0:
  T_cam_imu:
  - [-0.043017949987848504, -0.9989075971888217, 0.01825015773353861, 0.009021494121118934]
  - [-0.9986634190887616, 0.04351692271725046, 0.02788642700610179, 0.03737927988988665]
  - [-0.02865015449851462, -0.017026147998796586, -0.9994444851674031, -0.11208112593160023]
  - [0.0, 0.0, 0.0, 1.0]
  cam_overlaps: []
  camera_model: pinhole
  distortion_coeffs: [-0.28467288972458066, 0.06749119554802169, -1.4817208802857373e-05,
    4.2065092976800905e-05]
  distortion_model: radtan
  intrinsics: [415.7382901125151, 418.2875521834683, 373.9429341343477, 240.2235159864951]
  resolution: [752, 480]
  rostopic: /hawk/camera_0/image_raw
  timeshift_cam_imu: -0.0011570404447240512
