cam0:
  T_cam_imu:
  - [-0.034113645610012816, -0.994233568680035, 0.10166548132456116, 0.06034071711834532]
  - [0.008685229339951916, -0.10201576742860793, -0.994744866781057, -0.09260973034295143]
  - [0.9993802209242011, -0.033051385836488034, 0.012115276298157923, -0.0764283304091236]
  - [0.0, 0.0, 0.0, 1.0]
  cam_overlaps: [1]
  camera_model: pinhole
  distortion_coeffs: [-0.26255013307798986, 0.056648755726191706, -0.0011397402839579043,
    -0.0013521732935338582]
  distortion_model: radtan
  intrinsics: [402.60796230719967, 405.16563739396963, 364.27771279195593, 249.4299199463516]
  resolution: [752, 480]
  rostopic: /hawk/stereo/left/image_raw
  timeshift_cam_imu: -0.010065474523915053
cam1:
  T_cam_imu:
  - [-0.02287852056578113, -0.9993999809661649, 0.026004833042152897, -0.043943588742211194]
  - [-0.020937961564533314, -0.02552694331147845, -0.9994548398655612, -0.0922185508567059]
  - [0.9995189718370747, -0.02341053630316242, -0.02034137969153174, -0.07943961004885652]
  - [0.0, 0.0, 0.0, 1.0]
  T_cn_cnm1:
  - [0.9970612732254083, 0.07588767664814709, 0.010482269175835454, -0.09627790137681663]
  - [-0.07551604321042198, 0.9966248712496796, -0.032189955333954426, 0.002175077381943996]
  - [-0.012889711089472922, 0.03130377835831595, 0.9994268001252138, 0.0006217205339126754]
  - [0.0, 0.0, 0.0, 1.0]
  cam_overlaps: [0]
  camera_model: pinhole
  distortion_coeffs: [-0.2602886997131358, 0.05452459652039787, -0.0005018107958886528,
    -0.0014697372934554269]
  distortion_model: radtan
  intrinsics: [402.4672225867841, 405.0727865500481, 385.3664773151692, 253.64261782006716]
  resolution: [752, 480]
  rostopic: /hawk/stereo/right/image_raw
  timeshift_cam_imu: -0.009296316931457731
