cam0:
  cam_overlaps: [1]
  camera_model: pinhole
  distortion_coeffs: [-0.017811595366268803, 0.04897078939103475, -0.041363300782847834,
    0.011440891936886532]
  distortion_model: equidistant
  intrinsics: [275.3385453506587, 275.0852058534152, 315.7697752181792, 233.72625444124952]
  resolution: [640, 480]
  rostopic: /snappy_cam/stereo_l
cam1:
  T_cn_cnm1:
  - [0.99964956969086, -0.0015816259006504229, 0.026424160845286464, -0.07937720055807065]
  - [0.0016709946890799124, 0.9999929578963731, -0.003360347363059373, 0.0005548331594719445]
  - [-0.02641865995118309, 0.003403324427930005, 0.9996451729434853, 0.0005293439870858398]
  - [0.0, 0.0, 0.0, 1.0]
  cam_overlaps: [0]
  camera_model: pinhole
  distortion_coeffs: [0.027860492621377443, -0.027723581962855317, 0.0375199775145906,
    -0.018152613898714216]
  distortion_model: equidistant
  intrinsics: [273.2895238376505, 273.35830490745764, 314.60557378520133, 251.0359907029701]
  resolution: [640, 480]
  rostopic: /snappy_cam/stereo_r