cam0:
  cam_overlaps: [1]
  camera_model: pinhole
  distortion_coeffs: [-0.005719912631104124, 0.004742449009601135, 0.0012060658036136048,
    -0.001580292679344826]
  distortion_model: equidistant
  intrinsics: [277.4786896484645, 277.42548548840034, 320.1052053576385, 242.10083077857894]
  resolution: [640, 480]
  rostopic: /snappy_cam/stereo_l
cam1:
  T_cn_cnm1:
  - [0.999747062368999, 0.009836089265916418, 0.020225296846065628, -0.07919358086270675]
  - [-0.009757747682967962, 0.9999445171722611, -0.003968493075568296, 0.000831414953842084]
  - [-0.02026320914154719, 0.0037701359508940787, 0.9997875716521982, 0.00044568632114983057]
  - [0.0, 0.0, 0.0, 1.0]
  cam_overlaps: [0]
  camera_model: pinhole
  distortion_coeffs: [-0.009025009906076716, 0.009967427035376123, -0.0029538969814842117,
    -0.0003503551771748748]
  distortion_model: equidistant
  intrinsics: [276.78679780974477, 276.79332134030807, 314.2862327340746, 236.51313088043128]
  resolution: [640, 480]
  rostopic: /snappy_cam/stereo_r