cam0:
  T_cam_imu:
  - [-0.04459448146353128, -0.9988043042196583, 0.02003232625739452, 0.004834709499689584]
  - [-0.9983891990145407, 0.04526208212878947, 0.03421039626298257, 0.013524228706715907]
  - [-0.035076195832820005, -0.01847446328450843, -0.9992138683446337, -0.14062247079984588]
  - [0.0, 0.0, 0.0, 1.0]
  cam_overlaps: []
  camera_model: pinhole
  distortion_coeffs: [-0.28467288972458066, 0.06749119554802169, -1.4817208802857373e-05,
    4.2065092976800905e-05]
  distortion_model: radtan
  intrinsics: [415.7382901125151, 418.2875521834683, 373.9429341343477, 240.2235159864951]
  resolution: [752, 480]
  rostopic: /hawk/camera_0/image_raw
  timeshift_cam_imu: 0.05855699760814195
