cam0:
  cam_overlaps: [1]
  camera_model: pinhole
  distortion_coeffs: [-0.2776250315333724, 0.06375150410956693, 0.000516493755601084,
    -0.00023077015744338763]
  distortion_model: radtan
  intrinsics: [411.5028807469355, 414.3694894545957, 364.13849351523294, 242.46020368634487]
  resolution: [752, 480]
  rostopic: /hawk/stereo/left/image_raw
cam1:
  T_cn_cnm1:
  - [0.9993595058593685, 0.035681827469508945, -0.0027175792444461737, -0.09565883605985287]
  - [-0.03568066710502035, 0.9993631297189444, 0.0004742924117955328, 0.0009981180807286294]
  - [0.002732772118996765, -0.00037702358993223613, 0.9999961948976371, -0.0010135081689763774]
  - [0.0, 0.0, 0.0, 1.0]
  cam_overlaps: [0]
  camera_model: pinhole
  distortion_coeffs: [-0.27875518910435104, 0.06449219061006843, 0.0008692298895805312,
    -0.00025965400640246916]
  distortion_model: radtan
  intrinsics: [410.86916279637256, 413.76364680845415, 383.558864792354, 250.76213290693266]
  resolution: [752, 480]
  rostopic: /hawk/stereo/right/image_raw
