cam0:
  cam_overlaps: [1]
  camera_model: pinhole
  distortion_coeffs: [-0.2877518314379599, 0.07380693119071417, -0.0006376051303866913,
    -0.0005553546210232823]
  distortion_model: radtan
  intrinsics: [407.6404414389186, 410.2578783961893, 377.51199440281783, 228.0345553097403]
  resolution: [752, 480]
  rostopic: /hawk/stereo/left/image_raw
cam1:
  T_cn_cnm1:
  - [0.9999907784031635, 0.0006430327499344667, -0.004246129709074619, -0.09508612166878597]
  - [-0.0006464195535941756, 0.9999994740261848, -0.0007962971197891192, -0.00014534069724893962]
  - [0.004245615430594897, 0.0007990345579291661, 0.9999906681031475, 0.0011901726041853296]
  - [0.0, 0.0, 0.0, 1.0]
  cam_overlaps: [0]
  camera_model: pinhole
  distortion_coeffs: [-0.28775112623075283, 0.07248820921579045, -0.00040371834063979243,
    -0.001078283722294099]
  distortion_model: radtan
  intrinsics: [407.25635222176527, 410.2461380213033, 384.020271982118, 253.3380553135602]
  resolution: [752, 480]
  rostopic: /hawk/stereo/right/image_raw
