cam0:
  T_cam_imu:
  - [-0.04573155161483761, -0.9973893924071612, 0.05588403260835806, 0.06226274772731924]
  - [-0.05273528691238705, -0.05345414416709254, -0.9971768368677798, -0.09146020429543358]
  - [0.997560832581736, -0.048549504477762406, -0.0501530748189587, -0.08715267530521875]
  - [0.0, 0.0, 0.0, 1.0]
  cam_overlaps: [1]
  camera_model: pinhole
  distortion_coeffs: [-0.2785576704397447, 0.06613353773977337, -0.0001517938450865817,
    -0.0007421501617623779]
  distortion_model: radtan
  intrinsics: [408.5712195473591, 411.08300057062985, 363.157964089141, 247.18340798077648]
  resolution: [752, 480]
  rostopic: /hawk/stereo/left/image_raw
  timeshift_cam_imu: 0.00854478918774143
cam1:
  T_cam_imu:
  - [-0.009466356950343174, -0.999126858286183, 0.04069286346855472, -0.036383512363982976]
  - [-0.031231350590869844, -0.040379418065602996, -0.9986962027248094, -0.0920321067714019]
  - [0.999467353557063, -0.010724907825478136, -0.03082183521103396, -0.08484583024758141]
  - [0.0, 0.0, 0.0, 1.0]
  T_cn_cnm1:
  - [0.9992255226242195, 0.013328701297169598, 0.03702297473318137, -0.09415234196244703]
  - [-0.014108909787162801, 0.9996821618937256, 0.020892914016772676, 0.002098360828167878]
  - [-0.036732732010846376, -0.02139908673811534, 0.9990959841205456, 0.002557973636946988]
  - [0.0, 0.0, 0.0, 1.0]
  cam_overlaps: [0]
  camera_model: pinhole
  distortion_coeffs: [-0.28566518623277176, 0.07269066610632488, 0.00022192942738918244,
    -0.000691175939439275]
  distortion_model: radtan
  intrinsics: [408.711609347471, 411.16474403245826, 385.34280056244444, 253.24090280221216]
  resolution: [752, 480]
  rostopic: /hawk/stereo/right/image_raw
  timeshift_cam_imu: 0.008601746791873047
