cam0:
  cam_overlaps: [1]
  camera_model: pinhole
  distortion_coeffs: [-0.2528155463948255, 0.04972711233388976, -0.0006467241704428552,
    -0.0006022721871138696]
  distortion_model: radtan
  intrinsics: [392.69266029865577, 395.90004650733, 371.8020459297371, 232.76836581253505]
  resolution: [752, 480]
  rostopic: /hawk/stereo/left/image_raw
cam1:
  T_cn_cnm1:
  - [0.9999796456195119, -0.001922394685757968, 0.006083810100535611, -0.09882333981754574]
  - [0.0019455332569003724, 0.9999908886526764, -0.003799672613364641, 0.0008968241503582116]
  - [-0.006076450198389207, 0.0038114315282618124, 0.9999742745404422, -0.0018290181173866843]
  - [0.0, 0.0, 0.0, 1.0]
  cam_overlaps: [0]
  camera_model: pinhole
  distortion_coeffs: [-0.2502147755891424, 0.04848053997417496, -6.242550302388761e-05,
    -0.002420912354152685]
  distortion_model: radtan
  intrinsics: [392.694409836726, 395.0479777579575, 377.20696817032916, 257.35621817613185]
  resolution: [752, 480]
  rostopic: /hawk/stereo/right/image_raw
