rostopic: /mavros/imu/data_raw
update_rate: 200

accelerometer_noise_density: 0.012256517540566822
accelerometer_random_walk: 9.777740576981756e-04

gyroscope_noise_density: 5.60278415095765e-4
gyroscope_random_walk: 6.711174030467562e-7
