cam0:
  cam_overlaps: [1]
  camera_model: pinhole
  distortion_coeffs: [-0.26255013307798986, 0.056648755726191706, -0.0011397402839579043,
    -0.0013521732935338582]
  distortion_model: radtan
  intrinsics: [402.60796230719967, 405.16563739396963, 364.27771279195593, 249.4299199463516]
  resolution: [752, 480]
  rostopic: /hawk/stereo/left/image_raw
cam1:
  T_cn_cnm1:
  - [0.9970612732254085, 0.07588767664814709, 0.010482269175835458, -0.09627790137681663]
  - [-0.07551604321042198, 0.9966248712496798, -0.03218995533395444, 0.002175077381943996]
  - [-0.012889711089472925, 0.031303778358315965, 0.999426800125214, 0.0006217205339126754]
  - [0.0, 0.0, 0.0, 1.0]
  cam_overlaps: [0]
  camera_model: pinhole
  distortion_coeffs: [-0.2602886997131358, 0.05452459652039787, -0.0005018107958886528,
    -0.0014697372934554269]
  distortion_model: radtan
  intrinsics: [402.4672225867841, 405.0727865500481, 385.3664773151692, 253.64261782006716]
  resolution: [752, 480]
  rostopic: /hawk/stereo/right/image_raw
