cam0:
  T_cam_imu:
  - [-0.03472153834568154, -0.9992491855174669, 0.017189532209726043, 0.01139766983680335]
  - [-0.9992760164285382, 0.03497984892179989, 0.01496172316682756, 0.014434668116118647]
  - [-0.01555177692812288, -0.016657593226150604, -0.9997402996890196, -0.11678814696244767]
  - [0.0, 0.0, 0.0, 1.0]
  cam_overlaps: []
  camera_model: pinhole
  distortion_coeffs: [-0.28467288972458066, 0.06749119554802169, -1.4817208802857373e-05,
    4.2065092976800905e-05]
  distortion_model: radtan
  intrinsics: [415.7382901125151, 418.2875521834683, 373.9429341343477, 240.2235159864951]
  resolution: [752, 480]
  rostopic: /hawk/camera_0/image_raw
  timeshift_cam_imu: -0.08147780758707737
