cam0:
  T_cam_imu:
  - [-0.04480914847549145, -0.9987531110702409, 0.022008256187574075, 0.0070519693075509916]
  - [-0.9985065820271909, 0.0454655521209466, 0.03029008449502237, 0.02856450828085435]
  - [-0.031252933642771326, -0.02061811576876071, -0.9992988278992765, -0.11530947935127256]
  - [0.0, 0.0, 0.0, 1.0]
  cam_overlaps: []
  camera_model: pinhole
  distortion_coeffs: [-0.28467288972458066, 0.06749119554802169, -1.4817208802857373e-05,
    4.2065092976800905e-05]
  distortion_model: radtan
  intrinsics: [415.7382901125151, 418.2875521834683, 373.9429341343477, 240.2235159864951]
  resolution: [752, 480]
  rostopic: /hawk/camera_0/image_raw
  timeshift_cam_imu: -0.18005276314296417
