cam0:
  T_cam_imu:
  - [0.017331738579085376, 0.99984966829222, -0.0005016510396940947, 0.0676643011416313]
  - [-0.9998492132843828, 0.017332267142839253, 0.001069210125093952, -0.014781760149067446]
  - [0.001077744138742331, 0.00048304412700719336, 0.999999302567729, -0.0031604713639699937]
  - [0.0, 0.0, 0.0, 1.0]
  cam_overlaps: [1, 3]
  camera_model: pinhole
  distortion_coeffs: [-0.0016509958435871643, 0.02437222940989351, -0.03582816956989852,
    0.019860839087717054]
  distortion_model: equidistant
  intrinsics: [461.487246372674, 460.1113992557959, 356.39105303227853, 231.15719697054647]
  resolution: [752, 480]
  rostopic: /cam0/image_raw
cam1:
  T_cam_imu:
  - [0.016141685625655933, 0.9998685548872067, -0.001522804298626188, -0.042517726080318924]
  - [-0.9998680821934288, 0.01614439253403005, 0.001782358140864533, -0.015186073683933458]
  - [0.001806708608947198, 0.0014938331488411117, 0.9999972521294878, -0.0029599260108666607]
  - [0.0, 0.0, 0.0, 1.0]
  T_cn_cnm1:
  - [0.9999987703316412, 0.00118910902935917, -0.0010224259962834177, -0.11016759824092018]
  - [-0.0011883808160330714, 0.9999990400088908, 0.0007125533866886034, -0.0003216647632433766]
  - [0.0010232723184295653, -0.0007113374790444546, 0.9999992234560732, 0.00012078907255410462]
  - [0.0, 0.0, 0.0, 1.0]
  cam_overlaps: [0, 3]
  camera_model: pinhole
  distortion_coeffs: [-0.0009362378060020789, 0.018833308358932984, -0.030558453797100132,
    0.01955083559432553]
  distortion_model: equidistant
  intrinsics: [462.4318044040118, 461.1780497604126, 377.0119530476368, 226.49966248854923]
  resolution: [752, 480]
  rostopic: /cam1/image_raw
