cam0:
  T_cam_imu:
  - [-0.04410510234950716, -0.9988116520351945, 0.02073701293498563, 0.010275799779137984]
  - [-0.9985256569877884, 0.04473092704954595, 0.03075152845623273, 0.043483661249631045]
  - [-0.03164257075279743, -0.019350140154904858, -0.9993119231712091, -0.10946023971445079]
  - [0.0, 0.0, 0.0, 1.0]
  cam_overlaps: []
  camera_model: pinhole
  distortion_coeffs: [-0.28467288972458066, 0.06749119554802169, -1.4817208802857373e-05,
    4.2065092976800905e-05]
  distortion_model: radtan
  intrinsics: [415.7382901125151, 418.2875521834683, 373.9429341343477, 240.2235159864951]
  resolution: [752, 480]
  rostopic: /hawk/camera_0/image_raw
  timeshift_cam_imu: -0.0008164260568814677
