cam0:
  T_cam_imu:
    [1.0, 0.0, 0.0, 0.0,
     1.0, 0.0, 0.0, 0.0,
     1.0, 0.0, 0.0, 0.0,
     0.0, 0.0, 0.0, 1.0]
  cam_overlaps: []
  camera_model: pinhole
  distortion_coeffs: [-0.283076309221788, 0.0666741033311962, 0.000895882002804517, 0.000778261034630782]
  distortion_model: radtan
  intrinsics: [414.53614481293, 414.284429350582, 348.804988446924, 240.076451079671]
  resolution: [752, 480]
  rostopic: /camera/image_raw
cam1:
  T_cam_imu:
    [1.0, 0.0, 0.0, 0.0,
     1.0, 0.0, 0.0, 0.0,
     1.0, 0.0, 0.0, 0.0,
     0.0, 0.0, 0.0, 1.0]
  T_c1_c0:
    [1.0, 0.0, 0.0, 0.0,
     1.0, 0.0, 0.0, 0.0,
     1.0, 0.0, 0.0, 0.0,
     0.0, 0.0, 0.0, 1.0]
  cam_overlaps: []
  camera_model: pinhole
  distortion_coeffs: [-0.283076309221788, 0.0666741033311962, 0.000895882002804517, 0.000778261034630782]
  distortion_model: radtan
  intrinsics: [414.53614481293, 414.284429350582, 348.804988446924, 240.076451079671]
  resolution: [752, 480]
  rostopic: /camera/image_raw
