cam0:
  T_cam_imu:
  - [-0.044661460364219675, -0.9987279139458616, 0.02340743180025234, 0.015342682937406548]
  - [-0.9985265401138423, 0.04535088743066353, 0.02980009559600108, 0.00790057850199055]
  - [-0.030823735114595584, -0.022042026100145932, -0.999281765288943, -0.11520261109432989]
  - [0.0, 0.0, 0.0, 1.0]
  cam_overlaps: []
  camera_model: pinhole
  distortion_coeffs: [-0.28467288972458066, 0.06749119554802169, -1.4817208802857373e-05,
    4.2065092976800905e-05]
  distortion_model: radtan
  intrinsics: [415.7382901125151, 418.2875521834683, 373.9429341343477, 240.2235159864951]
  resolution: [752, 480]
  rostopic: /hawk/camera_0/image_raw
  timeshift_cam_imu: -0.08613389166460197
