date: 03_08_2020
comment: Seems like the calibration got messed up again
bag: calibration/imu/vio/aug_03/imu.bag
cam0:
  T_cam_imu:
   [-0.11115232590093335, -0.9924941837871887, 0.05099466242084921, 0.054944180355696925,
    0.029385129564008294, -0.054572452937916766, -0.9980773324451603, -0.08617350695015764,
    0.9933688512366998, -0.1094401321679691, 0.035230425256279924, -0.058586048878268585,
    0.0, 0.0, 0.0, 1.0]
  cam_overlaps: [1]
  camera_model: pinhole
  distortion_coeffs: [-0.2776250315333724, 0.06375150410956693, 0.000516493755601084,
    -0.00023077015744338763]
  distortion_model: radtan
  intrinsics: [411.5028807469355, 414.3694894545957, 364.13849351523294, 242.46020368634487]
  resolution: [752, 480]
  rostopic: /hawk/stereo/left/image_raw
  timeshift_cam_imu: -0.09462672362176691
cam1:
  T_cam_imu:
   [-0.1127321769364047, -0.9935083296964937, 0.01525303598837996, -0.04366546310672779,
    0.03380355149495967, -0.019176749413330058, -0.9992445007045405, -0.08710873945088822,
    0.9930502385023163, -0.11213140106866598, 0.03574594669149539, -0.05941669475220752,
    0.0, 0.0, 0.0, 1.0]
  T_c1_c0:
   [0.9993595058593698, 0.035681827469508945, -0.002717579244446174, -0.09565883605985287,
    -0.03568066710502035, 0.9993631297189457, 0.00047429241179553275, 0.0009981180807286294,
    0.0027327721189967656, -0.0003770235899322362, 0.9999961948976385, -0.0010135081689763774,
    0.0, 0.0, 0.0, 1.0]
  cam_overlaps: [0]
  camera_model: pinhole
  distortion_coeffs: [-0.27875518910435104, 0.06449219061006843, 0.0008692298895805312,
    -0.00025965400640246916]
  distortion_model: radtan
  intrinsics: [410.86916279637256, 413.76364680845415, 383.558864792354, 250.76213290693266]
  resolution: [752, 480]
  rostopic: /hawk/stereo/right/image_raw
  timeshift_cam_imu: -0.09462764850971014
