date: 04_07_2020
comment: Calibrated while in MMM hall of residence for first forward facing VIO flight testing
bag: bags/imu_calibration/forward_cal*.bag
warning: timeoffsets don't seem to match up although triggered from the same source
cam0:
  T_cam_imu:
  - [-0.04422294801855395, -0.9989487031071265, -0.01207557158628414, 0.05044937635844684,
     -0.054105733480731555, 0.014464539836345491, -0.9984304415891134, -0.07999904175874496,
     0.9975554623543783, -0.04350017986066229, -0.054688516884531774, -0.0785173086760583,
     0.0, 0.0, 0.0, 1.0]
  cam_overlaps: [1]
  camera_model: pinhole
  distortion_coeffs: [-0.2642806194814399, 0.055292309667633266, -0.00011637828917046839,
    0.0001237029661976047]
  distortion_model: radtan
  intrinsics: [405.72909981352944, 408.52076519570613, 377.4823785262004, 227.86938900249893]
  resolution: [752, 480]
  rostopic: /hawk/stereo/left/image_raw
  timeshift_cam_imu: 0.0015121351027097682
cam1:
  T_cam_imu:
  - [-0.024499775452408445, -0.9994889161718683, -0.020534542906183062, -0.04651132121946609,
    -0.02528975555166807, 0.021153783478766564, -0.9994563250631168, -0.08118611491736427,
    0.9993799023729258, -0.02396714196807309, -0.025795093311786865, -0.07442580489554403,
    0.0, 0.0, 0.0, 1.0]
  T_c1_c0:
  - [0.9997695752189882, 0.007370743818662993, 0.020161066489649864, -0.09477642766806484,
     -0.007944150626095428, 0.9995619204992892, 0.028510656930332962, 0.0014172383966500422,
     -0.01994208959137304, -0.02866424991742984, 0.999390150961774, 0.002756573532375687,
     0.0, 0.0, 0.0, 1.0]
  T_cn_cnm1:
  - [0.9997695752189882, 0.007370743818662993, 0.020161066489649864, -0.09477642766806484]
  - [-0.007944150626095428, 0.9995619204992892, 0.028510656930332962, 0.0014172383966500422]
  - [-0.01994208959137304, -0.02866424991742984, 0.999390150961774, 0.002756573532375687]
  - [0.0, 0.0, 0.0, 1.0]
  cam_overlaps: [0]
  camera_model: pinhole
  distortion_coeffs: [-0.2650136730725115, 0.05537219093257819, 0.00044200573175170245,
    -2.004618439853004e-05]
  distortion_model: radtan
  intrinsics: [406.0092273669592, 408.91651672614233, 381.77178604639863, 252.38580750515257]
  resolution: [752, 480]
  rostopic: /hawk/stereo/right/image_raw
  timeshift_cam_imu: -0.07801750561593322