date: 02_07_2020
comment: Calibrated while in MMM hall of residence for first VIO flight testing
bag: bags/imu_calibration/vio_cal.bag
cam0:
  T_cam_imu:
  - [-0.02880010922593147, -0.9993805338445337, -0.020226276997724703, 0.05443090778583081,
     -0.999564864463404, 0.02892266843359047, -0.005793184006817095, 0.02675725774521475,
     0.006374593228643635, 0.02005063149366771, -0.9997786438696689, -0.13199514731381184,
     0.0, 0.0, 0.0, 1.0]
  cam_overlaps: [1]
  camera_model: pinhole
  distortion_coeffs: [-0.2877518314379599, 0.07380693119071417, -0.0006376051303866913,
    -0.0005553546210232823]
  distortion_model: radtan
  intrinsics: [407.6404414389186, 410.2578783961893, 377.51199440281783, 228.0345553097403]
  resolution: [752, 480]
  rostopic: /hawk/stereo/left/image_raw
  timeshift_cam_imu: -0.00819013185966951
cam1:
  T_cam_imu:
  - [-0.029469663936160555, -0.9994378573192229, -0.015984625883962277, -0.040078041513350426,
     -0.9995507978349432, 0.029552706079474373, -0.004983985444266205, 0.02668182512686851,
     0.005453572683866707, 0.01583056917930234, -0.9998598159864417, -0.13055127026891686,
     0.0, 0.0, 0.0, 1.0]
  T_c1_c0:
  - [0.999990778403166, 0.0006430327499344667, -0.004246129709074618, -0.09508612166878597,
    -0.0006464195535941756, 0.9999994740261873, -0.0007962971197891193, -0.00014534069724893962,
    0.004245615430594896, 0.0007990345579291662, 0.99999066810315, 0.0011901726041853296,
    0.0, 0.0, 0.0, 1.0]
  T_cn_cnm1:
  - [0.999990778403166, 0.0006430327499344667, -0.004246129709074618, -0.09508612166878597,
    -0.0006464195535941756, 0.9999994740261873, -0.0007962971197891193, -0.00014534069724893962,
    0.004245615430594896, 0.0007990345579291662, 0.99999066810315, 0.0011901726041853296,
    0.0, 0.0, 0.0, 1.0]
  cam_overlaps: [0]
  camera_model: pinhole
  distortion_coeffs: [-0.28775112623075283, 0.07248820921579045, -0.00040371834063979243,
    -0.001078283722294099]
  distortion_model: radtan
  intrinsics: [407.25635222176527, 410.2461380213033, 384.020271982118, 253.3380553135602]
  resolution: [752, 480]
  rostopic: /hawk/stereo/right/image_raw
  timeshift_cam_imu: -0.008893185725145358
