date: 30_07_2020
comment: Calibration done after long landing gears were installed
bag: calibration/imu/vio/long_gears/ms_imu.bag
cam0:
  T_cam_imu:
   [-0.06009158583611443, -0.9963177585169284, 0.06115492928214744, 0.06780860531684615,
    0.04643837655159444, -0.06398966486338967, -0.9968694999717482, -0.07495690678909242,
    0.9971120691752524, -0.05706353349096632, 0.050112619673812225, -0.05537240436084479,
    0.0, 0.0, 0.0, 1.0]
  cam_overlaps: [1]
  camera_model: pinhole
  distortion_coeffs: [-0.28908406707003026, 0.07543862860963704, -0.0005402015736504623,
    0.00013678308471716885]
  distortion_model: radtan
  intrinsics: [410.1753730180547, 412.7409614545005, 357.0087858911693, 246.63009105339518]
  resolution: [752, 480]
  rostopic: /hawk/stereo/left/image_raw
  timeshift_cam_imu: -0.04252023007605004
cam1:
  T_cam_imu:
   [-0.03190708935263781, -0.9992870526446785, 0.020182271075243785, -0.03211001935087422,
    0.012927184223422539, -0.02060345813216674, -0.9997041489466021, -0.0751011523904498,
    0.9994072370946174, -0.03163674967040525, 0.013575364201215023, -0.05712212388335395,
    0.0, 0.0, 0.0, 1.0]
  T_c1_c0:
   [0.9987590293649031, 0.04234323969596175, 0.026219292784457705, -0.09520873262656085,
    -0.041386060308342146, 0.9984933009096997, -0.03603223626971215, 0.0005539563676877003,
    -0.027705509817021128, 0.034902408090165093, 0.9990066199156424, 0.002690123163989818,
    0.0, 0.0, 0.0, 1.0]
  cam_overlaps: [0]
  camera_model: pinhole
  distortion_coeffs: [-0.27848528959117685, 0.06458935393416539, -8.791145189285315e-05,
    4.5325527545457646e-05]
  distortion_model: radtan
  intrinsics: [409.89501340964154, 412.9325611267716, 376.9441285319455, 254.9068800356453]
  resolution: [752, 480]
  rostopic: /hawk/stereo/right/image_raw
  timeshift_cam_imu: -0.04254033409671836
