date: 04_08_2020
comment: Seems like the calibration got messed up again
bag: calibration/imu/vio/aug_03/imu.bag
cam0:
  T_cam_imu:
   [-0.0735202506340889, -0.9972383951097302, 0.010505049532082644, 0.055270843150283924,
    0.02444864651427292, -0.01233263878628027, -0.9996250145450485, -0.08619620040007261,
    0.9969940001977555, -0.07323584736683181, 0.025287827707045685, -0.06468897631942085,
    0.0, 0.0, 0.0, 1.0]
  cam_overlaps: [1]
  camera_model: pinhole
  distortion_coeffs: [-0.27434102770987756, 0.06300600054301443, 5.687860681439823e-05,
    -0.00032116393396960376]
  distortion_model: radtan
  intrinsics: [409.6234325203737, 412.4196515690588, 364.5150803751367, 242.66831849422312]
  resolution: [752, 480]
  rostopic: /hawk/stereo/left/image_raw
  timeshift_cam_imu: -0.09462672362176691
cam1:
  T_cam_imu:
   [-0.0730661909316116, -0.9969965175841053, -0.025676363993217932, -0.04348896606152422,
    0.029045546037022085, 0.023607028105857214, -0.9992992867401741, -0.08705776778815327,
    0.9969040515506778, -0.07376077649520918, 0.027233432627329357, -0.06442854686868366,
    0.0, 0.0, 0.0, 1.0]
  T_c1_c0:
   [0.9993453203201822, 0.036175964178497146, -0.00047996865787185, -0.09563644253705869,
    -0.03617495915062157, 0.9993435513799306, 0.001959246233374484, 0.0012080113614879155,
    0.000550531204664123, -0.0019406007080856372, 0.9999979654900746, 6.259710897967439e-05,
    0.0, 0.0, 0.0, 1.0]
  cam_overlaps: [0]
  camera_model: pinhole
  distortion_coeffs: [-0.27621700067868454, 0.06380239148572422, 0.0006837951396332541,
    -0.00015914416312711336]
  distortion_model: radtan
  intrinsics: [409.38697749617677, 412.1975672713447, 383.73095683614713, 251.08202727924493]
  resolution: [752, 480]
  rostopic: /hawk/stereo/right/image_raw
  timeshift_cam_imu: -0.09462764850971014
