cam0:
  T_cam_imu:
    [-0.08855086385578903, -0.9960196495128824, 0.010178521239769932, 0.04049314872350909,
   -0.9957402195567848, 0.08825318778046098, -0.026698127342428445, 0.02715283836350316,
   0.025693572491955054, -0.01249930521355581, -0.9995917205048164, -0.11711218092206763,
    0.0, 0.0, 0.0, 1.0]
  cam_overlaps: [1]
  camera_model: pinhole
  distortion_coeffs: [-0.2877518314379599, 0.07380693119071417, -0.0006376051303866913,
    -0.0005553546210232823]
  distortion_model: radtan
  intrinsics: [407.6404414389186, 410.2578783961893, 377.51199440281783, 228.0345553097403]
  resolution: [752, 480]
  rostopic: /hawk/stereo/left/image_raw
  timeshift_cam_imu: -0.0045469639345856174
cam1:
  T_cam_imu:
   [-0.08929943908851602, -0.9959006412600002, 0.01440565570868815, -0.05407861268173969,
   -0.9957029145313969, 0.08890694109954587, -0.025908720887065726, 0.02707456391381138,
   0.024521748962062436, -0.016657387617592532, -0.9995605110575345, -0.11572730104583823,
   0.0, 0.0, 0.0, 1.0]
  T_c1_c0:
    [0.999990778403166, 0.0006430327499344667, -0.004246129709074618, -0.09508612166878597,
   -0.0006464195535941756, 0.9999994740261873, -0.0007962971197891193, -0.00014534069724893962,
   0.004245615430594896, 0.0007990345579291662, 0.99999066810315, 0.0011901726041853296,
   0.0, 0.0, 0.0, 1.0]
  cam_overlaps: [0]
  camera_model: pinhole
  distortion_coeffs: [-0.28775112623075283, 0.07248820921579045, -0.00040371834063979243,
    -0.001078283722294099]
  distortion_model: radtan
  intrinsics: [407.25635222176527, 410.2461380213033, 384.020271982118, 253.3380553135602]
  resolution: [752, 480]
  rostopic: /hawk/stereo/right/image_raw
  timeshift_cam_imu: -0.0032200683568657943
