date: 05_07_2020
comment: Calibrated while in MMM hall of residence for first forward facing VIO flight testing
bag: bags/imu_calibration/imu_calibrated4.bag
warning: very good calibration results
cam0:
  T_cam_imu:
  - [-0.04441162626402245, -0.9989931745477877, -0.00634386786736596, 0.0609914080383791,
    -0.07982829751440212, 0.009878562199046509, -0.9967596786210968, -0.08252665674504059,
    0.9958187839002322, -0.043761298150459205, -0.08018664736506781, -0.08898375872456721,
    0.0, 0.0, 0.0, 1.0]
  cam_overlaps: [1]
  camera_model: pinhole
  distortion_coeffs: [-0.2642806194814399, 0.055292309667633266, -0.00011637828917046839,
    0.0001237029661976047]
  distortion_model: radtan
  intrinsics: [405.72909981352944, 408.52076519570613, 377.4823785262004, 227.86938900249893]
  resolution: [752, 480]
  rostopic: /hawk/stereo/left/image_raw
  timeshift_cam_imu: -0.06975932052350943
cam1:
  T_cam_imu:
  - [-0.024913017941370158, -0.9995724438547309, -0.015305914652000208, -0.03620136388274987,
    -0.05104906601253245, 0.016562723498105836, -0.998558795990288, -0.08409477546153067,
    0.9983853636729163, -0.024095760552566847, -0.051439867098314745, -0.08502364994213132,
    0.0, 0.0, 0.0, 1.0]
  T_cn_cnm1:
  - [0.9997695752189882, 0.007370743818662993, 0.020161066489649864, -0.09477642766806484]
  - [-0.007944150626095428, 0.9995619204992892, 0.028510656930332962, 0.0014172383966500422]
  - [-0.01994208959137304, -0.02866424991742984, 0.999390150961774, 0.002756573532375687]
  - [0.0, 0.0, 0.0, 1.0]
  cam_overlaps: [0]
  camera_model: pinhole
  distortion_coeffs: [-0.2650136730725115, 0.05537219093257819, 0.00044200573175170245,
    -2.004618439853004e-05]
  distortion_model: radtan
  intrinsics: [406.0092273669592, 408.91651672614233, 381.77178604639863, 252.38580750515257]
  resolution: [752, 480]
  rostopic: /hawk/stereo/right/image_raw
  timeshift_cam_imu: -0.06995120870460488