date: 04_07_2020
comment: Calibrated while in MMM hall of residence for first forward facing VIO flight testing
bag: bags/imu_calibration/imu_calibrated.bag
warning: timeoffsets don't seem to match up although triggered from the same source
cam0:
  T_cam_imu:
  - [-0.04326894588395003, -0.9988072725111119, 0.02262367567404866, 0.06500380203698482,
    -0.06823806724492737, -0.01963740144799922, -0.9974757834870209, -0.08812136068179774,
    0.9967303369019967, -0.04470352159822383, -0.06730698816578085, -0.08769819864935541,
    0.0, 0.0, 0.0, 1.0]
  cam_overlaps: [1]
  camera_model: pinhole
  distortion_coeffs: [-0.2642806194814399, 0.055292309667633266, -0.00011637828917046839,
    0.0001237029661976047]
  distortion_model: radtan
  intrinsics: [405.72909981352944, 408.52076519570613, 377.4823785262004, 227.86938900249893]
  resolution: [752, 480]
  rostopic: /hawk/stereo/left/image_raw
  timeshift_cam_imu: -0.06975932052350943
cam1:
  T_cam_imu:
  - [-0.023666794364381127, -0.9996231354906735, 0.013909343489504566, -0.032205213306458924,
    -0.039447001835496875, -0.012968650053574587, -0.9991375021297011, -0.08968225137320907,
    0.9989413480734015, -0.024195063702806108, -0.03912520928650409, -0.0836585213932338,
    0.0, 0.0, 0.0, 1.0]
  T_c1_c0:
  - [0.9997695752189882, 0.007370743818662993, 0.020161066489649864, -0.09477642766806484,
    -0.007944150626095428, 0.9995619204992892, 0.028510656930332962, 0.0014172383966500422,
    -0.01994208959137304, -0.02866424991742984, 0.999390150961774, 0.002756573532375687,
    0.0, 0.0, 0.0, 1.0]
  cam_overlaps: [0]
  camera_model: pinhole
  distortion_coeffs: [-0.2650136730725115, 0.05537219093257819, 0.00044200573175170245,
    -2.004618439853004e-05]
  distortion_model: radtan
  intrinsics: [406.0092273669592, 408.91651672614233, 381.77178604639863, 252.38580750515257]
  resolution: [752, 480]
  rostopic: /hawk/stereo/right/image_raw
  timeshift_cam_imu: -0.06995120870460488