# serial: 26807580
cam_model: Pinhole
cam_width: 752
cam_height: 480
cam_fx: 408.2474859437927
cam_fy: 410.47494267479425
cam_cx: 370.68634779633015
cam_cy: 233.94971512313617
cam_d0: -0.2663224182175061
cam_d1: 0.05535278305009294
cam_d2: -0.001292117313422505
cam_d3: -0.0007339853678049328
