cam0:
  cam_overlaps: []
  camera_model: pinhole
  distortion_coeffs: [-0.2803427423569947, 0.06542451137542499, -0.00017532337636569828,
    -0.0006904603170841874]
  distortion_model: radtan
  intrinsics: [414.5059079728089, 414.8305486662442, 375.5126082388874, 230.99493147350867]
  resolution: [752, 480]
  rostopic: /hawk/camera_0/image_raw
  