cam0:
  cam_overlaps: []
  camera_model: pinhole
  distortion_coeffs: [-0.2577583030372465, 0.05341765753973345, -6.519521628865296e-05,
    -0.00022584827913144548]
  distortion_model: radtan
  intrinsics: [399.5111545675415, 402.2761767916102, 369.47775528419606, 229.6789225004226]
  resolution: [752, 480]
  rostopic: /hawk/camera_0/image_raw
