cam_model: Pinhole
cam_width: 752
cam_height: 480
cam_fx: 410.7905042075413
cam_fy: 413.3324627172195
cam_cx: 375.9893900450834
cam_cy: 241.221412381643
cam_d0: -0.3023637477626371
cam_d1: 0.09008077180230449
cam_d2: -0.0005152995657988111
cam_d3: 0.00018687712303473185


