# serial: 26807580
cam_model: Pinhole
cam_width: 752
cam_height: 480
cam_fx: 414.5059079728089
cam_fy: 414.8305486662442
cam_cx: 375.5126082388874
cam_cy: 230.99493147350867
cam_d0: -0.2803427423569947
cam_d1: 0.06542451137542499
cam_d2: -0.00017532337636569828
cam_d3: -0.0006904603170841874
