# serial: 26807580
cam_model: Pinhole
cam_width: 752
cam_height: 480
cam_fx: 399.5111545675415
cam_fy: 402.2761767916102
cam_cx: 369.47775528419606
cam_cy: 229.6789225004226
cam_d0: -0.2577583030372465
cam_d1: 0.05341765753973345
cam_d2: -6.519521628865296e-05
cam_d3: -0.00022584827913144548
