cam0:
  cam_overlaps: []
  camera_model: pinhole
  distortion_coeffs: [-0.2663224182175061, 0.05535278305009294, -0.001292117313422505,
    -0.0007339853678049328]
  distortion_model: radtan
  intrinsics: [408.2474859437927, 410.47494267479425, 370.68634779633015, 233.94971512313617]
  resolution: [752, 480]
  rostopic: /hawk/camera_0/image_raw
