cam0:
  T_cam_imu:
    [-0.059772702157228054, -0.9981504753172238, 0.0110838937572283, 0.050959951109850174,
     -0.9975732725160503, 0.05933361140440021, -0.03642922616976034, 0.028139535464141253,
     0.035704201971745925, -0.013234469453281852, -0.9992747664080431, -0.12460667873741052,
     0.0, 0.0, 0.0, 1.0]
  cam_overlaps: [1]
  camera_model: pinhole
  distortion_coeffs: [-0.2877518314379599, 0.07380693119071417, -0.0006376051303866913,
    -0.0005553546210232823]
  distortion_model: radtan
  intrinsics: [407.6404414389186, 410.2578783961893, 377.51199440281783, 228.0345553097403]
  resolution: [752, 480]
  rostopic: /hawk/stereo/left/image_raw
  timeshift_cam_imu: -0.00026883519879801086
cam1:
  T_cam_imu:
    [-0.060565227914885555, -0.9980469220467304, 0.015303416633720642, -0.04357944972765203,
     -0.9975625407283858, 0.05998934275105666, -0.03564065223622746, 0.028060462396771128,
     0.034653001358402255, -0.017424699404681696, -0.9992474915392637, -0.12317650250049852,
     0.0, 0.0, 0.0, 1.0]
  T_c1_c0:
    [0.999990778403166, 0.0006430327499344667, -0.004246129709074618, -0.09508612166878597,
     -0.0006464195535941756, 0.9999994740261873, -0.0007962971197891193, -0.00014534069724893962,
     0.004245615430594896, 0.0007990345579291662, 0.99999066810315, 0.0011901726041853296,
     0.0, 0.0, 0.0, 1.0]
  cam_overlaps: [0]
  camera_model: pinhole
  distortion_coeffs: [-0.28775112623075283, 0.07248820921579045, -0.00040371834063979243,
    -0.001078283722294099]
  distortion_model: radtan
  intrinsics: [407.25635222176527, 410.2461380213033, 384.020271982118, 253.3380553135602]
  resolution: [752, 480]
  rostopic: /hawk/stereo/right/image_raw
  timeshift_cam_imu: -0.00026151924144163544
