cam0:
  cam_overlaps: [1]
  camera_model: pinhole
  distortion_coeffs: [-0.2848242729617183, 0.07164017037593466, 0.0003134923193232437,
    -0.0002526206161760797]
  distortion_model: radtan
  intrinsics: [410.1761779010539, 412.4751360749853, 360.3480438648954, 245.90871343912514]
  resolution: [752, 480]
  rostopic: /hawk/stereo/left/image_raw
cam1:
  T_cn_cnm1:
  - [0.9990545557142075, 0.03976761581329404, 0.017565063029087224, -0.09509581421171742]
  - [-0.03907732244046188, 0.9985120854175196, -0.038033907846057015, 0.0002478807992762087]
  - [-0.01905144555076426, 0.03731155327354289, 0.9991220598178904, -0.0001080462224875372]
  - [0.0, 0.0, 0.0, 1.0]
  cam_overlaps: [0]
  camera_model: pinhole
  distortion_coeffs: [-0.28166557793756075, 0.06772361130507538, 0.0007949922555179205,
    -0.00021677426195604324]
  distortion_model: radtan
  intrinsics: [409.68764995133813, 412.16569707565054, 382.01864977911293, 250.78769635613222]
  resolution: [752, 480]
  rostopic: /hawk/stereo/right/image_raw
