cam0:
  cam_overlaps: []
  camera_model: pinhole
  distortion_coeffs: [-0.3023637477626371, 0.09008077180230449, -0.0005152995657988111,
    0.00018687712303473185]
  distortion_model: radtan
  intrinsics: [410.7905042075413, 413.3324627172195, 375.9893900450834, 241.221412381643]
  resolution: [752, 480]
  rostopic: /hawk/camera_0/image_raw
