cam0:
  T_cam_imu:
  - [-0.040337657665333364, -0.999049551401828, 0.016518692983458746, 0.01102696677297069]
  - [-0.9987510098239896, 0.040802409669558844, 0.028837193703961716, 0.022368648736853194]
  - [-0.029483787911947307, -0.015334836450542549, -0.9994476219599502, -0.11941007930226794]
  - [0.0, 0.0, 0.0, 1.0]
  cam_overlaps: []
  camera_model: pinhole
  distortion_coeffs: [-0.28467288972458066, 0.06749119554802169, -1.4817208802857373e-05,
    4.2065092976800905e-05]
  distortion_model: radtan
  intrinsics: [415.7382901125151, 418.2875521834683, 373.9429341343477, 240.2235159864951]
  resolution: [752, 480]
  rostopic: /hawk/camera_0/image_raw
  timeshift_cam_imu: -0.09295256514256349
