cam0:
  cam_overlaps: [1]
  camera_model: pinhole
  distortion_coeffs: [-0.28908406707003026, 0.07543862860963704, -0.0005402015736504623,
    0.00013678308471716885]
  distortion_model: radtan
  intrinsics: [410.1753730180547, 412.7409614545005, 357.0087858911693, 246.63009105339518]
  resolution: [752, 480]
  rostopic: /hawk/stereo/left/image_raw
cam1:
  T_cn_cnm1:
  - [0.9987590293649031, 0.04234323969596175, 0.026219292784457705, -0.09520873262656085]
  - [-0.041386060308342146, 0.9984933009096997, -0.03603223626971215, 0.0005539563676877003]
  - [-0.027705509817021128, 0.034902408090165093, 0.9990066199156424, 0.002690123163989818]
  - [0.0, 0.0, 0.0, 1.0]
  cam_overlaps: [0]
  camera_model: pinhole
  distortion_coeffs: [-0.27848528959117685, 0.06458935393416539, -8.791145189285315e-05,
    4.5325527545457646e-05]
  distortion_model: radtan
  intrinsics: [409.89501340964154, 412.9325611267716, 376.9441285319455, 254.9068800356453]
  resolution: [752, 480]
  rostopic: /hawk/stereo/right/image_raw
