cam0:
  cam_overlaps: []
  camera_model: pinhole
  distortion_coeffs: [-0.30541438247165587, 0.09722782420666094, -0.00018408644360543738,
    0.0011285444435983909]
  distortion_model: radtan
  intrinsics: [407.28249486033087, 410.04106073308145, 365.927706290368, 229.99973537730568]
  resolution: [752, 480]
  rostopic: /hawk/camera_0/image_raw
