cam0:
  T_cam_imu:
  - [0.016780989936745205, 0.9998589983707286, -0.0006178623036914504, 0.06848107975513755]
  - [-0.9998590644919162, 0.016781293366084304, 0.0004892303257950729, -0.014733170101117219]
  - [0.0004995298721001377, 0.0006095654557798361, 0.9999996894498828, -0.0037771679661015908]
  - [0.0, 0.0, 0.0, 1.0]
  cam_overlaps: [1, 3]
  camera_model: pinhole
  distortion_coeffs: [-0.0016509958435871643, 0.02437222940989351, -0.03582816956989852,
    0.019860839087717054]
  distortion_model: equidistant
  intrinsics: [461.487246372674, 460.1113992557959, 356.39105303227853, 231.15719697054647]
  resolution: [752, 480]
  rostopic: /cam0/image_raw
  timeshift_cam_imu: 4.51519871862519e-05
cam1:
  T_cam_imu:
  - [0.015591517127691912, 0.9998771004276547, -0.001639705474496794, -0.04170026016567689]
  - [-0.9998776909009187, 0.015593498351720192, 0.0012025172772520344, -0.01513889375591689]
  - [0.0012279382330067947, 0.001620755854872829, 0.9999979326569406, -0.0035758209110829872]
  - [0.0, 0.0, 0.0, 1.0]
  T_cn_cnm1:
  - [0.9999987703316412, 0.00118910902935917, -0.0010224259962834177, -0.11016759824092018]
  - [-0.0011883808160330714, 0.9999990400088908, 0.0007125533866886034, -0.0003216647632433766]
  - [0.0010232723184295653, -0.0007113374790444546, 0.9999992234560732, 0.00012078907255410462]
  - [0.0, 0.0, 0.0, 1.0]
  cam_overlaps: [0, 3]
  camera_model: pinhole
  distortion_coeffs: [-0.0009362378060020789, 0.018833308358932984, -0.030558453797100132,
    0.01955083559432553]
  distortion_model: equidistant
  intrinsics: [462.4318044040118, 461.1780497604126, 377.0119530476368, 226.49966248854923]
  resolution: [752, 480]
  rostopic: /cam1/image_raw
  timeshift_cam_imu: 4.882716132323117e-05
