cam0:
  T_cam_imu:
  - [-0.035692143864125114, -0.9992367836403286, 0.01587202213056945, 0.010447145276485674]
  - [-0.9987221898717491, 0.036233356454094645, 0.03522969397891456, 0.023267944579044464]
  - [-0.035777902735627844, -0.014594317394150666, -0.9992531949289121, -0.11959608040346834]
  - [0.0, 0.0, 0.0, 1.0]
  cam_overlaps: []
  camera_model: pinhole
  distortion_coeffs: [-0.28467288972458066, 0.06749119554802169, -1.4817208802857373e-05,
    4.2065092976800905e-05]
  distortion_model: radtan
  intrinsics: [415.7382901125151, 418.2875521834683, 373.9429341343477, 240.2235159864951]
  resolution: [752, 480]
  rostopic: /hawk/camera_0/image_raw
  timeshift_cam_imu: -0.12254407037598351
