cam0:
  T_cam_imu:
  - [-0.0595128029447403, -0.9982244192137305, -0.0024970324530178035, 0.04737411720926699]
  - [-0.9978075040005511, 0.05956013417461499, -0.028857847759186837, 0.022644862782433814]
  - [0.02895533190711264, 0.0007741463122522638, -0.999580406696548, -0.14562705891084385]
  - [0.0, 0.0, 0.0, 1.0]
  cam_overlaps: [1]
  camera_model: pinhole
  distortion_coeffs: [-0.2528155463948255, 0.04972711233388976, -0.0006467241704428552,
    -0.0006022721871138696]
  distortion_model: radtan
  intrinsics: [392.69266029865577, 395.90004650733, 371.8020459297371, 232.76836581253505]
  resolution: [752, 480]
  rostopic: /hawk/stereo/left/image_raw
  timeshift_cam_imu: -0.00016135166377708867
cam1:
  T_cam_imu:
  - [-0.0574172530146847, -0.9983138893003598, -0.008522762828852464, -0.05237968661487127]
  - [-0.9980242175488228, 0.05761457119357449, -0.025064364588813143, 0.02418698367563751]
  - [0.02551313862126913, 0.007066796740371485, -0.9996495086486676, -0.14765388782516922]
  - [0.0, 0.0, 0.0, 1.0]
  T_cn_cnm1:
  - [0.9999796456195139, -0.001922394685757968, 0.00608381010053561, -0.09882333981754574]
  - [0.0019455332569003724, 0.9999908886526784, -0.00379967261336464, 0.0008968241503582116]
  - [-0.006076450198389205, 0.0038114315282618116, 0.9999742745404442, -0.0018290181173866843]
  - [0.0, 0.0, 0.0, 1.0]
  cam_overlaps: [0]
  camera_model: pinhole
  distortion_coeffs: [-0.2502147755891424, 0.04848053997417496, -6.242550302388761e-05,
    -0.002420912354152685]
  distortion_model: radtan
  intrinsics: [392.694409836726, 395.0479777579575, 377.20696817032916, 257.35621817613185]
  resolution: [752, 480]
  rostopic: /hawk/stereo/right/image_raw
  timeshift_cam_imu: -0.00022040154034772062
