cam0:
  T_cam_imu:
  - [-0.04049209670916498, -0.9989177254639228, 0.02288597513937332, 0.009281180606467303]
  - [-0.9985624948528953, 0.041261510566890425, 0.03421157141817745, 0.028831831516084313]
  - [-0.03511885501063919, -0.021467778173876604, -0.9991525411682743, -0.12606120832603032]
  - [0.0, 0.0, 0.0, 1.0]
  cam_overlaps: []
  camera_model: pinhole
  distortion_coeffs: [-0.28467288972458066, 0.06749119554802169, -1.4817208802857373e-05,
    4.2065092976800905e-05]
  distortion_model: radtan
  intrinsics: [415.7382901125151, 418.2875521834683, 373.9429341343477, 240.2235159864951]
  resolution: [752, 480]
  rostopic: /hawk/camera_0/image_raw
  timeshift_cam_imu: -0.0865794022493152
