cam0:
  T_cam_imu:
  - [-0.03892228687451888, -0.9989887413282559, 0.022506671985094873, 0.006994916169446551]
  - [-0.9984192576014552, 0.03979432182122405, 0.039691283694886226, 0.03533588876724937]
  - [-0.04054678328815671, -0.020926219204047615, -0.9989584834790721, -0.12751761072843906]
  - [0.0, 0.0, 0.0, 1.0]
  cam_overlaps: []
  camera_model: pinhole
  distortion_coeffs: [-0.28467288972458066, 0.06749119554802169, -1.4817208802857373e-05,
    4.2065092976800905e-05]
  distortion_model: radtan
  intrinsics: [415.7382901125151, 418.2875521834683, 373.9429341343477, 240.2235159864951]
  resolution: [752, 480]
  rostopic: /hawk/camera_0/image_raw
  timeshift_cam_imu: -0.08695539056595021
