cam0:
  T_cam_imu:
    [ 0.01486554,  0.99955725, -0.02577444, 0.06522291,
     -0.99988093,  0.01496721,  0.00375619, -0.02070639,
      0.0041403 ,  0.02571553,  0.99966073, -0.0080546,
      0.0, 0.0, 0.0, 1.0]
  camera_model: pinhole
  distortion_model: radtan
  distortion_coeffs: [-0.28340811, 0.07395907, 0.00019359, 1.76187114e-05]
  intrinsics: [458.654, 457.296, 367.215, 248.375]
  resolution: [752, 480]
  rostopic: /cam0/image_raw
cam1:
  T_cam_imu:
    [0.01255527,  0.99959878, -0.0253898, -0.04490198,
    -0.9997551 ,  0.01301191,  0.01790058, -0.02056977,
     0.01822377,  0.02515884,  0.99951735, -0.00863814,
     0.0, 0.0, 0.0, 1.0]
  T_c1_c0: # !!! This is wrong !!!
    [0.9999994457734953, -0.0008233639921576076, -0.0006561436136444361, -0.10106110275180535,
     0.0007916877528168117, 0.9988994619156757, -0.04689603624058988, -0.0019764575873431013,
     0.0006940340102242531, 0.04689549078870055, 0.9988995601463054, -0.0011756424802046581,
     0.0, 0.0, 0.0, 1.0]
  camera_model: pinhole
  distortion_model: radtan
  distortion_coeffs: [-0.28368365,  0.07451284, -0.00010473, -3.55590700e-05]
  intrinsics: [457.587, 456.134, 379.999, 255.238]
  resolution: [752, 480]
  rostopic: /cam1/image_raw
