cam0:
  T_cam_imu:
    [ 0.01486554,  0.99955725, -0.02577444, 0.06522291,
     -0.99988093,  0.01496721,  0.00375619, -0.02070639,
      0.0041403 ,  0.02571553,  0.99966073, -0.0080546,
      0.0, 0.0, 0.0, 1.0]
  camera_model: pinhole
  distortion_model: radtan
  distortion_coeffs: [-0.28340811, 0.07395907, 0.00019359, 1.76187114e-05]
  intrinsics: [458.654, 457.296, 367.215, 248.375]
  resolution: [752, 480]
  rostopic: /cam0/image_raw
cam1:
  T_cam_imu:
    [0.01255527,  0.99959878, -0.0253898, -0.04490198,
    -0.9997551 ,  0.01301191,  0.01790058, -0.02056977,
     0.01822377,  0.02515884,  0.99951735, -0.00863814,
     0.0, 0.0, 0.0, 1.0]
  T_c1_c0:
    [1.86640863e-04, -9.99479757e-01, -1.05121348e-04, 9.71685573e-04,
    -9.99312456e-01,  1.94751995e-04,  4.60322958e-04, 1.33039075e-03,
    -4.69707406e-04,  9.45014241e-05,  9.99178238e-01, -8.47464437e-05,
     0.0, 0.0, 0.0, 1.0]
  camera_model: pinhole
  distortion_model: radtan
  distortion_coeffs: [-0.28368365,  0.07451284, -0.00010473, -3.55590700e-05]
  intrinsics: [457.587, 456.134, 379.999, 255.238]
  resolution: [752, 480]
  rostopic: /cam1/image_raw
