cam0:
  T_cam_imu:
  - [-0.031943957972456805, -0.9984453388728654, 0.045678100136756605, 0.06350386886234004]
  - [0.056807524127732656, -0.04744123358500624, -0.9972573562317855, -0.0987538835696862]
  - [0.9978739844046098, -0.029261487299563738, 0.058234668450043436, -0.06331701059688702]
  - [0.0, 0.0, 0.0, 1.0]
  cam_overlaps: [1]
  camera_model: pinhole
  distortion_coeffs: [-0.2848242729617183, 0.07164017037593466, 0.0003134923193232437,
    -0.0002526206161760797]
  distortion_model: radtan
  intrinsics: [410.1761779010539, 412.4751360749853, 360.3480438648954, 245.90871343912514]
  resolution: [752, 480]
  rostopic: /hawk/stereo/left/image_raw
  timeshift_cam_imu: 0.028702818179504437
cam1:
  T_cam_imu:
  - [-0.012126937513956826, -0.9999019690522096, 0.006999262250192428, -0.036691358503136824]
  - [0.02001823656507995, -0.007241145924042847, -0.9997733923297477, -0.09843243324059063]
  - [0.999726066275836, -0.011984076569394042, 0.0201040870825267, -0.06826396955923376]
  - [0.0, 0.0, 0.0, 1.0]
  T_cn_cnm1:
  - [0.9990545557142069, 0.03976761581329405, 0.01756506302908722, -0.09509581421171742]
  - [-0.03907732244046189, 0.9985120854175189, -0.038033907846057015, 0.0002478807992762087]
  - [-0.019051445550764264, 0.03731155327354289, 0.9991220598178897, -0.0001080462224875372]
  - [0.0, 0.0, 0.0, 1.0]
  cam_overlaps: [0]
  camera_model: pinhole
  distortion_coeffs: [-0.28166557793756075, 0.06772361130507538, 0.0007949922555179205,
    -0.00021677426195604324]
  distortion_model: radtan
  intrinsics: [409.68764995133813, 412.16569707565054, 382.01864977911293, 250.78769635613222]
  resolution: [752, 480]
  rostopic: /hawk/stereo/right/image_raw
  timeshift_cam_imu: 0.027913556566378804
