cam0:
  cam_overlaps: []
  camera_model: pinhole
  distortion_coeffs: [-0.28312602488548816, 0.06759653979402637, -0.0008176798798164418,
    5.252591426328543e-05]
  distortion_model: radtan
  intrinsics: [407.93297488176023, 410.482923097111, 373.6765536350036, 243.94063289210033]
  resolution: [752, 480]
  rostopic: /hawk/camera_0/image_raw
